m
Degrees IR Dist (cm)
01078.552246
21056.318970
41078.552246
61056.318970
81056.318970
101078.552246
121034.925537
141056.318970
161078.552246
18858.534912
20699.404480
22709.648865
24413.687195
261056.318970
281078.552246
30323.182922
32975.343506
341078.552246
36753.580444
381056.318970
401056.318970
42816.144592
441078.552246
46307.193176
48595.061279
501078.552246
52580.449768
54169.956894
56699.404480
581078.552246
60858.534912
621078.552246
641078.552246
661078.552246
681056.318970
701101.674438
721078.552246
74858.534912
761078.552246
781056.318970
801034.925537
821078.552246
84843.956665
86587.670837
88580.449768
90262.090668
92194.540436
94100.635551
96113.398033
98139.836014
100126.986565
102124.921288
104139.836014
106117.252007
108126.152863
110138.838654
112216.064270
114378.729767
116494.381927
118281.117432
120360.292419
122494.381927
124399.008301
126363.247925
128305.028870
130265.368835
132195.473877
134117.614502
136369.296600
138956.883667
1401078.552246
1421078.552246
1441078.552246
1461056.318970
148829.833374
1501078.552246
1521101.674438
154494.381927
156402.586060
1581078.552246
1601078.552246
1621078.552246
1641078.552246
166939.065002
1681078.552246
1701078.552246
1721078.552246
174602.627014
1761078.552246
1781078.552246
1801078.552246
Obj # Angle P Dist (cm) Lin Width (cm)m
Degrees IR Dist (cm)
0975.343506
2235.674698
4388.622498
6643.309875
81078.552246
101056.318970
121078.552246
141078.552246
161078.552246
18858.534912
201056.318970
221078.552246
241056.318970
261078.552246
281078.552246
301056.318970
321078.552246
341056.318970
361056.318970
38905.224670
401056.318970
421056.318970
44137.854477
46154.734161
48135.450089
50127.407280
5290.314049
5495.214622
56117.979088
58127.407280
60126.152863
62255.756012
64305.028870
66392.027893
68378.729767
70587.670837
72510.746735
74360.292419
76388.622498
78243.908127
80385.271851
82157.822296
84138.344940
861078.552246
88889.145020
901078.552246
921056.318970
94553.150208
961078.552246
981078.552246
1001078.552246
1021014.326294
104829.833374
1061078.552246
1081056.318970
110858.534912
1121078.552246
1141078.552246
1161078.552246
1181078.552246
120829.833374
1221078.552246
1241078.552246
1261078.552246
128829.833374
1301078.552246
13289.215973
13428.363884
13626.762356
13827.884846
14027.348705
14227.909681
14427.810585
14627.909681
14829.982544
15033.866016
15234.445599
15432.928211
15633.547935
15833.759365
16033.618137
16234.519348
16438.622742
16643.568226
16845.099800
17044.737526
17246.347874
17445.160709
17662.193581
17864.842613
180138.838654
Obj # Angle P Dist (cm) Lin Width (cm)
1,53,90.314049,3.150957
2,155,26.762356,21.475304
3,53,90.314049,3.150957
4,155,26.762356,21.475304